224 113
166 633
173 1525
167 243
99 1275
98 2737
97 40511
100 630
159 57
193 166
194 659
161 620
201 507
152 95
153 327
108 266
127 53
126 100
103 246
101 662
105 1220
9 158
125 132
150 311
113 897
102 842
10 41
162 1649
241 317
240 224
177 267
132 147
148 278
217 266
115 197
134 534
57 174
142 464
158 495
81 311
37 367
165 1483
70 84
213 1690
197 541
133 1663
68 112
106 296
178 149
179 144
17 94
109 208
144 193
205 737
202 891
195 283
151 152
149 228
207 698
214 729
143 558
212 874
208 902
147 86
117 194
168 295
175 120
182 343
6 51
36 554
188 229
254 52
34 317
50 113
211 727
2 44
33 1065
164 296
69 155
232 121
199 888
114 120
104 328
7 66
169 5016
15 85
129 4187
209 421
215 245
216 283
218 242
220 103
221 303
222 90
223 83
30 122
255 44
88 233
231 309
247 62
248 59
1 116
234 2853
48 61
141 292
196 552
244 55
249 90
157 209
14 101
23 314
91 342
76 285
176 217
239 143
94 324
154 407
83 133
236 1819
86 98
20 42
3 40
203 77
251 43
198 1096
47 75
206 371
238 1015
40 527
65 233
110 199
138 262
237 229
189 343
13 305
89 352
230 1059
8 46
226 259
52 130
11 77
163 728
146 961
156 317
5 77
26 337
77 238
28 88
235 33
82 116
29 127
121 643
12 76
118 204
79 166
41 141
204 296
246 94
19 34
186 88
243 73
252 93
60 169
42 189
181 467
62 101
64 100
225 608
124 71
112 2734
53 65
245 233
187 68
172 108
16 34
136 131
123 66
21 67
116 115
130 65
111 1723
49 252
135 88
128 971
122 74
107 496
58 124
131 57
191 122
73 1466
192 299
170 896
174 355
200 263
219 129
180 255
185 147
145 701
233 306
242 55
228 1539
4 39
253 92
25 300
227 65
137 604
0 52
54 105
45 385
55 75
72 139
78 212
85 113
171 96
59 82
74 931
93 231
96 8421
155 123
92 208
32 197
18 29
24 58
66 119
184 152
160 115
119 75
120 76
139 88
140 186
183 123
190 337
67 159
51 275
43 85
35 276
27 215
95 1260
75 105
90 245
229 1086
84 140
87 312
63 68
39 420
61 153
31 237
56 132
80 284
210 82
22 42
250 47
71 142
38 156
46 73
44 48
 1
