90 21
114 8
128 21
81 11
73 19
89 28
113 12
62 14
107 19
231 7
123 12
244 19
142 12
24 24
40 31
158 24
119 10
172 20
150 9
200 24
115 13
7 12
23 11
167 11
63 16
55 9
152 25
215 10
8 12
56 25
32 24
120 23
43 17
214 7
149 12
255 13
211 18
209 9
6 19
102 11
188 14
30 30
15 10
205 13
137 18
174 14
104 20
76 27
197 17
130 15
163 15
165 22
36 25
176 16
194 12
98 15
109 15
111 11
191 10
157 24
184 16
48 31
201 15
185 19
58 19
108 12
225 17
54 16
186 17
182 12
224 25
190 16
192 22
12 14
77 18
84 11
169 16
250 17
57 19
171 16
218 17
27 23
37 19
28 26
193 11
156 21
105 18
45 12
78 20
103 9
164 11
153 24
80 21
91 23
41 21
161 11
187 14
216 21
101 15
129 11
96 16
65 17
226 15
124 21
146 12
154 23
72 14
59 12
168 25
66 10
183 9
252 21
217 23
18 12
236 18
14 16
232 14
253 14
75 19
234 9
50 10
39 14
2 17
42 16
33 25
74 15
177 25
21 8
159 21
26 25
178 15
144 16
134 7
249 13
88 25
135 16
180 19
4 15
86 16
46 20
106 15
196 10
162 19
151 12
254 11
148 8
94 18
237 12
110 13
60 15
1 11
20 9
68 14
99 18
160 26
22 8
70 17
138 14
34 24
112 11
132 20
100 16
44 14
5 14
245 15
243 15
230 11
251 20
141 14
206 15
198 16
95 12
35 17
189 11
246 8
136 26
121 19
51 16
203 8
170 18
97 19
143 14
155 23
79 11
93 12
127 10
52 15
248 23
223 10
202 13
166 15
175 8
227 18
241 11
118 9
83 21
235 8
228 18
29 22
233 15
17 9
31 17
195 13
220 22
204 10
19 7
38 30
240 8
82 15
133 14
242 12
221 15
3 7
87 10
122 21
16 5
210 10
25 23
49 20
67 14
61 13
219 12
239 9
9 15
71 13
131 6
145 8
181 12
140 10
64 20
222 7
208 18
212 15
229 12
116 18
147 11
92 18
85 11
173 10
53 14
207 8
126 8
47 11
0 17
117 11
179 14
11 7
125 12
10 12
238 11
139 16
247 6
69 8
13 3
213 12
199 7
 1
