154 51
161 85
168 45
115 3097
152 134
165 109
148 112
159 89
163 97
149 26
156 121
150 45
166 87
93 339
169 10
184 1503
197 983
198 797
188 1007
194 1216
193 835
133 11
127 156
157 2
200 387
132 27
140 10
195 281
204 303
186 217
187 550
199 1222
123 24
124 30
139 3
153 56
185 317
202 205
180 829
183 427
182 490
129 110
143 1
141 8
130 11
145 1
136 3
190 56
191 336
160 30
131 8
128 10
134 3
201 109
192 316
181 185
167 128
122 13
172 48
170 22
162 98
142 19
203 23
151 47
117 16
155 49
196 7
189 7
135 1
137 2
138 1
171 3
158 2
164 3
206 4
208 4
179 7
 1
