40 31
48 31
30 30
38 30
89 28
76 27
28 26
160 26
136 26
152 25
56 25
36 25
224 25
168 25
33 25
177 25
26 25
88 25
24 24
158 24
200 24
32 24
157 24
153 24
34 24
120 23
27 23
91 23
154 23
217 23
155 23
248 23
25 23
165 22
192 22
29 22
220 22
90 21
128 21
156 21
80 21
41 21
216 21
124 21
252 21
159 21
83 21
122 21
172 20
104 20
78 20
46 20
132 20
251 20
49 20
64 20
73 19
107 19
244 19
6 19
185 19
58 19
57 19
37 19
75 19
180 19
162 19
121 19
97 19
211 18
137 18
77 18
105 18
236 18
94 18
99 18
170 18
227 18
228 18
208 18
116 18
92 18
43 17
197 17
225 17
186 17
250 17
218 17
65 17
2 17
70 17
35 17
31 17
0 17
63 16
176 16
184 16
54 16
190 16
169 16
171 16
96 16
14 16
42 16
144 16
135 16
86 16
100 16
198 16
51 16
139 16
130 15
163 15
98 15
109 15
201 15
101 15
226 15
74 15
178 15
4 15
106 15
60 15
245 15
243 15
206 15
52 15
166 15
233 15
82 15
221 15
9 15
212 15
62 14
188 14
174 14
12 14
187 14
72 14
232 14
253 14
39 14
68 14
138 14
44 14
5 14
141 14
143 14
133 14
67 14
53 14
179 14
115 13
255 13
205 13
249 13
110 13
202 13
195 13
61 13
71 13
113 12
123 12
142 12
7 12
8 12
149 12
194 12
108 12
182 12
45 12
146 12
59 12
18 12
151 12
237 12
95 12
93 12
242 12
219 12
181 12
229 12
125 12
10 12
213 12
81 11
23 11
167 11
102 11
111 11
84 11
193 11
164 11
161 11
129 11
254 11
1 11
112 11
230 11
189 11
79 11
241 11
147 11
85 11
47 11
117 11
238 11
119 10
215 10
15 10
191 10
66 10
50 10
196 10
127 10
223 10
204 10
87 10
210 10
140 10
173 10
150 9
55 9
209 9
103 9
183 9
234 9
20 9
118 9
17 9
239 9
114 8
21 8
148 8
22 8
246 8
203 8
175 8
235 8
240 8
145 8
207 8
126 8
69 8
231 7
214 7
134 7
19 7
3 7
222 7
11 7
199 7
131 6
247 6
16 5
13 3
 1
